MSE: 40.78396057225235
R2:  0.6433702040409687